# Blender3D v249 EOL Armature File: player.blend
# www.blender3d.org
armature: Armature
armmat: 1.000000 0.000000 0.000000 0.000000
armmat: 0.000000 1.000000 0.000000 0.000000
armmat: 0.000000 0.000000 1.000000 0.000000
armmat: 0.000000 0.000000 0.000000 1.000000
bonecount: 36
bone: thumb.l
parent: hand.l
childcount: 1
child: thumbtip.l
m: -0.984963 0.000000 0.172767 0.000000
m: 0.172767 0.000000 0.984963 0.000000
m: 0.000000 1.000000 0.000000 0.000000
m: 11.518219 2.389588 0.892310 1.000000
bone: hand.l
parent: forearm.l
childcount: 3
child: thumb.l
child: finger.l
child: finger.l.001
m: 0.008697 0.000000 0.999962 0.000000
m: 0.999962 0.000000 -0.008697 0.000000
m: -0.000000 1.000000 -0.000000 0.000000
m: 11.196486 2.461745 0.383888 1.000000
bone: toe.r
parent: foot.r
m: -0.941630 0.153316 -0.299712 0.000000
m: -0.328308 -0.221242 0.918295 0.000000
m: 0.074481 0.963092 0.258663 0.000000
m: -2.684299 -20.165274 0.959910 1.000000
bone: pelvis
parent: root
childcount: 2
child: thigh.l
child: thigh.r
m: -1.000000 -0.000000 -0.000000 0.000000
m: 0.000000 -0.894427 0.447213 0.000000
m: -0.000000 0.447213 0.894427 0.000000
m: 0.000000 -5.167452 -0.760088 1.000000
bone: hand.r
parent: forearm.r
childcount: 3
child: thumb.r
child: finger.r
child: finger.r.001
m: 0.008696 0.000001 -0.999962 0.000000
m: -0.999962 -0.000001 -0.008696 0.000000
m: -0.000001 1.000000 0.000001 0.000000
m: -11.196486 2.461747 0.383902 1.000000
bone: thumb.r
parent: hand.r
childcount: 1
child: thumbtip.r
m: -0.984963 -0.000000 -0.172767 0.000000
m: -0.172767 -0.000001 0.984963 0.000000
m: -0.000000 1.000000 0.000001 0.000000
m: -11.518221 2.389590 0.892326 1.000000
bone: toe.l.001
parent: foot.l
m: -0.997564 0.000000 -0.069760 0.000000
m: -0.067829 -0.233685 0.969944 0.000000
m: -0.016302 0.972312 0.233116 0.000000
m: 2.040071 -20.165274 1.020292 1.000000
bone: shoulder.l
parent: chest
childcount: 1
child: srm.l
m: -0.126143 0.196292 0.972398 0.000000
m: 0.971588 0.222329 0.081158 0.000000
m: -0.200261 0.955007 -0.218760 0.000000
m: -0.000001 1.874602 -0.090687 1.000000
bone: fingertip.l
parent: finger.l
m: -0.041304 0.001734 0.999145 0.000000
m: 0.998266 -0.041900 0.041341 0.000000
m: 0.041936 0.999120 -0.000000 0.000000
m: 14.028502 2.414983 0.662093 1.000000
bone: thumbtip.l
parent: thumb.l
m: -0.974097 -0.000000 0.226129 0.000000
m: 0.226129 0.000000 0.974097 0.000000
m: -0.000000 1.000000 -0.000000 0.000000
m: 11.648445 2.389588 1.634743 1.000000
bone: fingertip.l.001
parent: finger.l.001
m: -0.003582 0.000150 0.999994 0.000000
m: 0.999114 -0.041935 0.003585 0.000000
m: 0.041935 0.999120 0.000000 0.000000
m: 14.037988 2.414585 0.062343 1.000000
bone: thumbtip.r
parent: thumb.r
m: -0.974097 -0.000000 -0.226129 0.000000
m: -0.226130 0.000001 0.974097 0.000000
m: -0.000000 1.000000 -0.000001 0.000000
m: -11.648447 2.389590 1.634759 1.000000
bone: chest
parent: abs
childcount: 3
child: neck
child: shoulder.l
child: shoulder.r
m: -1.000000 -0.000000 -0.000000 0.000000
m: -0.000000 0.999580 0.028975 0.000000
m: 0.000000 0.028975 -0.999580 0.000000
m: 0.000000 -1.820469 -0.197795 1.000000
bone: abs
parent: root
childcount: 1
child: chest
m: -1.000000 0.000000 -0.000000 0.000000
m: 0.000000 0.986180 0.165678 0.000000
m: 0.000000 0.165678 -0.986180 0.000000
m: 0.000000 -5.167452 -0.760088 1.000000
bone: fingertip.r
parent: finger.r
m: -0.041307 0.999033 0.015080 0.000000
m: -0.998266 -0.041899 0.041345 0.000000
m: 0.041937 -0.013346 0.999031 0.000000
m: -14.028503 2.414984 0.662112 1.000000
bone: shoulder.r
parent: chest
childcount: 1
child: srm.r
m: -0.126143 -0.776575 0.617267 0.000000
m: -0.971588 0.222329 0.081158 0.000000
m: -0.200261 -0.589492 -0.782557 0.000000
m: -0.000001 1.874602 -0.090687 1.000000
bone: finger.l
parent: hand.l
childcount: 1
child: fingertip.l
m: -0.010872 0.000456 0.999941 0.000000
m: 0.999061 -0.041933 0.010881 0.000000
m: 0.041935 0.999120 0.000000 0.000000
m: 12.971878 2.459332 0.650585 1.000000
bone: head
parent: neck
m: -1.000000 -0.000000 -0.000000 0.000000
m: 0.000000 -0.000005 1.000000 0.000000
m: -0.000000 1.000000 0.000005 0.000000
m: -0.000001 3.864031 -0.090683 1.000000
bone: foot.l
parent: shin.l
childcount: 2
child: toe.l
child: toe.l.001
m: -0.987225 -0.076070 0.140003 0.000000
m: 0.141634 -0.821476 0.552373 0.000000
m: 0.072990 0.565146 0.821756 0.000000
m: 1.892843 -17.501469 -0.801091 1.000000
bone: srm.r
parent: shoulder.r
childcount: 1
child: forearm.r
m: -0.059990 0.000001 -0.998199 0.000000
m: -0.998199 -0.000001 0.059990 0.000000
m: -0.000000 1.000000 0.000001 0.000000
m: -2.565863 2.461748 0.123642 1.000000
bone: finger.l.001
parent: hand.l
childcount: 1
child: fingertip.l.001
m: 0.026860 -0.001127 0.999639 0.000000
m: 0.998759 -0.041920 -0.026884 0.000000
m: 0.041935 0.999120 -0.000000 0.000000
m: 12.981684 2.458921 0.090775 1.000000
bone: finger.r.001
parent: hand.r
childcount: 1
child: fingertip.r.001
m: 0.026858 -0.908007 0.418094 0.000000
m: -0.998759 -0.041920 -0.026883 0.000000
m: 0.041936 -0.416853 -0.908006 0.000000
m: -12.981686 2.458922 0.090793 1.000000
bone: fingertip.r.001
parent: finger.r.001
m: -0.003585 0.169693 0.985490 0.000000
m: -0.999114 -0.041935 0.003587 0.000000
m: 0.041936 -0.984604 0.169693 0.000000
m: -14.037990 2.414586 0.062361 1.000000
bone: srm.l
parent: shoulder.l
childcount: 1
child: forearm.l
m: -0.059988 -0.000000 0.998199 0.000000
m: 0.998199 -0.000000 0.059988 0.000000
m: 0.000000 1.000000 0.000000 0.000000
m: 2.565861 2.461748 0.123642 1.000000
bone: foot.r
parent: shin.r
childcount: 2
child: toe.r
child: toe.r.001
m: -0.987224 0.158357 -0.017628 0.000000
m: -0.141634 -0.821476 0.552374 0.000000
m: 0.072991 0.547814 0.833410 0.000000
m: -1.892843 -17.501471 -0.801078 1.000000
bone: finger.r
parent: hand.r
childcount: 1
child: fingertip.r
m: -0.010875 0.485903 0.873945 0.000000
m: -0.999061 -0.041933 0.010883 0.000000
m: 0.041935 -0.873006 0.485903 0.000000
m: -12.971880 2.459333 0.650602 1.000000
bone: shin.l
parent: thigh.l
childcount: 1
child: foot.l
m: -0.999504 -0.024369 -0.019965 0.000000
m: 0.031503 -0.774076 -0.632309 0.000000
m: -0.000045 -0.632624 0.774459 0.000000
m: 1.678514 -12.235090 3.500784 1.000000
bone: thigh.l
parent: pelvis
childcount: 1
child: shin.l
m: -0.952061 0.134313 0.274846 0.000000
m: 0.047511 -0.822633 0.566584 0.000000
m: 0.302197 0.552481 0.776815 0.000000
m: 1.331901 -6.233590 -0.632718 1.000000
bone: neck
parent: chest
childcount: 1
child: head
m: -1.000000 -0.000000 -0.000000 0.000000
m: -0.000000 1.000000 0.000002 0.000000
m: 0.000000 0.000002 -1.000000 0.000000
m: -0.000001 1.874602 -0.090687 1.000000
bone: toe.r.001
parent: foot.r
m: -0.997564 -0.031770 0.062106 0.000000
m: 0.067829 -0.233685 0.969944 0.000000
m: -0.016302 0.971793 0.235271 0.000000
m: -2.040072 -20.165274 1.020306 1.000000
bone: toe.l
parent: foot.l
m: -0.941630 -0.000000 0.336650 0.000000
m: 0.328308 -0.221242 0.918295 0.000000
m: 0.074481 0.975219 0.208328 0.000000
m: 2.684299 -20.165274 0.959895 1.000000
bone: forearm.l
parent: srm.l
childcount: 1
child: hand.l
m: 0.000002 -0.000000 1.000000 0.000000
m: 1.000000 -0.000000 -0.000002 0.000000
m: 0.000000 1.000000 0.000000 0.000000
m: 6.896484 2.461746 0.383895 1.000000
bone: forearm.r
parent: srm.r
childcount: 1
child: hand.r
m: 0.000000 -0.543979 -0.839099 0.000000
m: -1.000000 0.000000 -0.000000 0.000000
m: 0.000000 0.839099 -0.543979 0.000000
m: -6.896485 2.461746 0.383904 1.000000
bone: root
childcount: 2
child: abs
child: pelvis
m: 1.000000 0.000000 -0.000000 0.000000
m: 0.000000 -0.068992 0.997617 0.000000
m: 0.000000 -0.997617 -0.068992 0.000000
m: -0.000000 -5.013303 -2.989051 1.000000
bone: shin.r
parent: thigh.r
childcount: 1
child: foot.r
m: -0.999504 0.024426 0.019895 0.000000
m: -0.031503 -0.774077 -0.632308 0.000000
m: -0.000045 -0.632620 0.774462 0.000000
m: -1.678513 -12.235088 3.500787 1.000000
bone: thigh.r
parent: pelvis
childcount: 1
child: shin.r
m: -0.952061 0.208902 0.223474 0.000000
m: -0.047511 -0.822633 0.566584 0.000000
m: 0.302197 0.528805 0.793122 0.000000
m: -1.331901 -6.233590 -0.632715 1.000000


framecount: 30
frame: 1
posebone: thumb.l
lm: 0.642788 -0.744664 0.179719 0.000000
lm: 0.000000 0.234606 0.972091 0.000000
lm: -0.766044 -0.624848 0.150802 0.000000
lm: -1.907012 2.990105 -4.096273 1.000000
scale: 1.000000 1.000000 1.000000
posebone: hand.l
lm: 0.258819 -0.938967 0.226612 0.000000
lm: 0.965926 0.251596 -0.060721 0.000000
lm: 0.000000 0.234606 0.972090 0.000000
lm: -0.476099 4.420627 -2.901255 1.000000
scale: 1.000000 1.000000 1.000000
posebone: toe.r
lm: 0.999393 -0.026213 -0.022941 0.000000
lm: 0.025191 0.998726 -0.043736 0.000000
lm: 0.024058 0.043131 0.998780 0.000000
lm: 0.482749 0.357589 -1.395424 1.000000
scale: 1.000000 1.000000 1.000000
posebone: pelvis
lm: 1.000000 0.000000 0.000000 0.000000
lm: -0.000000 1.000000 0.000000 0.000000
lm: -0.000000 0.000000 1.000000 0.000000
lm: 0.000000 -0.000000 0.000000 1.000000
scale: 1.000000 1.000000 1.000000
posebone: hand.r
lm: 0.258819 0.938967 -0.226612 0.000000
lm: -0.965926 0.251595 -0.060720 0.000000
lm: 0.000000 0.234606 0.972091 0.000000
lm: 0.476095 4.420626 -2.901256 1.000000
scale: 1.000000 1.000000 1.000000
posebone: thumb.r
lm: 0.642787 0.744665 -0.179719 0.000000
lm: 0.000000 0.234606 0.972091 0.000000
lm: 0.766045 -0.624847 0.150801 0.000000
lm: 1.907003 2.990112 -4.096277 1.000000
scale: 1.000000 1.000000 1.000000
posebone: toe.l.001
lm: 0.999393 0.026211 0.022941 0.000000
lm: -0.025190 0.998725 -0.043735 0.000000
lm: -0.024058 0.043131 0.998780 0.000000
lm: -0.482736 0.357592 -1.395414 1.000000
scale: 1.000000 1.000000 1.000000
posebone: shoulder.l
lm: 1.000000 0.000000 -0.000000 0.000000
lm: 0.000000 0.983424 0.181318 0.000000
lm: 0.000000 -0.181318 0.983425 0.000000
lm: -0.000000 -0.066039 0.326805 1.000000
scale: 1.000000 1.000000 1.000000
posebone: fingertip.l
lm: 0.173648 0.957322 -0.231040 0.000000
lm: -0.984808 0.168801 -0.040738 0.000000
lm: 0.000000 0.234604 0.972091 0.000000
lm: 4.172840 -21.206051 3.283501 1.000000
scale: 1.000000 1.000000 1.000000
posebone: thumbtip.l
lm: 0.642788 -0.744664 0.179719 0.000000
lm: -0.694272 -0.467156 0.547496 0.000000
lm: -0.323744 -0.476697 -0.817282 0.000000
lm: -0.971033 4.424839 -1.499102 1.000000
scale: 1.000000 1.000000 1.000000
posebone: fingertip.l.001
lm: 0.173648 0.957322 -0.231041 0.000000
lm: -0.984808 0.168801 -0.040739 0.000000
lm: -0.000000 0.234605 0.972091 0.000000
lm: 4.161535 -21.217077 3.286177 1.000000
scale: 1.000000 1.000000 1.000000
posebone: thumbtip.r
lm: 0.642787 0.744665 -0.179719 0.000000
lm: 0.694273 -0.467155 0.547496 0.000000
lm: 0.323744 -0.476697 -0.817282 0.000000
lm: 0.971030 4.424843 -1.499084 1.000000
scale: 1.000000 1.000000 1.000000
posebone: chest
lm: 1.000000 0.000000 -0.000000 0.000000
lm: -0.000000 0.983424 0.181318 0.000000
lm: 0.000000 -0.181318 0.983425 0.000000
lm: -0.000000 -0.066039 0.326805 1.000000
scale: 1.000000 1.000000 1.000000
posebone: abs
lm: 1.000000 -0.000000 -0.000000 0.000000
lm: -0.000000 1.000000 0.000000 0.000000
lm: -0.000000 -0.000000 1.000000 0.000000
lm: 0.000000 -0.000000 -0.000000 1.000000
scale: 1.000000 1.000000 1.000000
posebone: fingertip.r
lm: 0.173648 -0.957322 0.231041 0.000000
lm: 0.984808 0.168802 -0.040739 0.000000
lm: -0.000000 0.234605 0.972091 0.000000
lm: -4.172835 -21.206051 3.283519 1.000000
scale: 1.000000 1.000000 1.000000
posebone: shoulder.r
lm: 1.000000 -0.000000 -0.000000 0.000000
lm: -0.000000 0.983424 0.181318 0.000000
lm: -0.000000 -0.181318 0.983424 0.000000
lm: -0.000000 -0.066039 0.326805 1.000000
scale: 1.000000 1.000000 1.000000
posebone: finger.l
lm: -0.965926 -0.251595 0.060721 0.000000
lm: 0.258819 -0.938967 0.226611 0.000000
lm: 0.000001 0.234605 0.972091 0.000000
lm: 17.156010 -1.571502 -1.455114 1.000000
scale: 1.000000 1.000000 1.000000
posebone: head
lm: 1.000000 -0.000000 -0.000000 0.000000
lm: 0.000000 0.994599 0.103796 0.000000
lm: 0.000000 -0.103796 0.994599 0.000000
lm: -0.000000 -0.071477 0.171676 1.000000
scale: 1.000000 1.000000 1.000000
posebone: foot.l
lm: 0.999393 0.026211 0.022941 0.000000
lm: -0.025190 0.998725 -0.043735 0.000000
lm: -0.024058 0.043131 0.998780 0.000000
lm: -0.482736 0.357590 -1.395413 1.000000
scale: 1.000000 1.000000 1.000000
posebone: srm.r
lm: 0.258819 0.817268 0.514864 0.000000
lm: -0.965926 0.218986 0.137958 0.000000
lm: 0.000001 -0.533027 0.846098 0.000000
lm: 0.476098 3.956300 1.771596 1.000000
scale: 1.000000 1.000000 1.000000
posebone: finger.l.001
lm: -0.965926 -0.251595 0.060721 0.000000
lm: 0.258819 -0.938968 0.226612 0.000000
lm: 0.000001 0.234606 0.972091 0.000000
lm: 17.156012 -1.571501 -1.455112 1.000000
scale: 1.000000 1.000000 1.000000
posebone: finger.r.001
lm: -0.965926 0.251595 -0.060721 0.000000
lm: -0.258819 -0.938967 0.226611 0.000000
lm: -0.000001 0.234605 0.972091 0.000000
lm: -17.156015 -1.571508 -1.455108 1.000000
scale: 1.000000 1.000000 1.000000
posebone: fingertip.r.001
lm: 0.173648 -0.957322 0.231040 0.000000
lm: 0.984808 0.168802 -0.040739 0.000000
lm: -0.000000 0.234605 0.972091 0.000000
lm: -4.161530 -21.217081 3.286170 1.000000
scale: 1.000000 1.000000 1.000000
posebone: srm.l
lm: 0.258819 -0.817268 -0.514864 0.000000
lm: 0.965926 0.218986 0.137957 0.000000
lm: 0.000000 -0.533027 0.846098 0.000000
lm: -0.476099 3.956297 1.771597 1.000000
scale: 1.000000 1.000000 1.000000
posebone: foot.r
lm: 0.999393 -0.026212 -0.022941 0.000000
lm: 0.025191 0.998726 -0.043736 0.000000
lm: 0.024058 0.043131 0.998780 0.000000
lm: 0.482749 0.357590 -1.395424 1.000000
scale: 1.000000 1.000000 1.000000
posebone: finger.r
lm: -0.965926 0.251595 -0.060721 0.000000
lm: -0.258819 -0.938968 0.226611 0.000000
lm: -0.000001 0.234606 0.972090 0.000000
lm: -17.156012 -1.571509 -1.455111 1.000000
scale: 1.000000 1.000000 1.000000
posebone: shin.l
lm: 0.999975 0.001822 -0.006772 0.000000
lm: -0.001143 0.995089 0.098980 0.000000
lm: 0.006919 -0.098970 0.995066 0.000000
lm: -0.038161 0.226269 1.155584 1.000000
scale: 1.000000 1.000000 1.000000
posebone: thigh.l
lm: 1.000000 0.000000 0.000000 0.000000
lm: 0.000000 0.999903 0.013944 0.000000
lm: 0.000000 -0.013944 0.999903 0.000000
lm: 0.000000 -0.009428 0.086862 1.000000
scale: 1.000000 1.000000 1.000000
posebone: neck
lm: 1.000000 -0.000000 0.000000 0.000000
lm: 0.000000 0.998860 -0.047737 0.000000
lm: -0.000000 0.047737 0.998860 0.000000
lm: -0.000000 -0.074202 0.757591 1.000000
scale: 1.000000 1.000000 1.000000
posebone: toe.r.001
lm: 0.999393 -0.026212 -0.022941 0.000000
lm: 0.025191 0.998726 -0.043736 0.000000
lm: 0.024058 0.043131 0.998780 0.000000
lm: 0.482749 0.357589 -1.395424 1.000000
scale: 1.000000 1.000000 1.000000
posebone: toe.l
lm: 0.999393 0.026211 0.022941 0.000000
lm: -0.025190 0.998726 -0.043735 0.000000
lm: -0.024058 0.043131 0.998780 0.000000
lm: -0.482736 0.357594 -1.395413 1.000000
scale: 1.000000 1.000000 1.000000
posebone: forearm.l
lm: 0.258819 -0.938967 0.226612 0.000000
lm: 0.965926 0.251596 -0.060721 0.000000
lm: 0.000000 0.234606 0.972091 0.000000
lm: -0.476099 4.420628 -2.901256 1.000000
scale: 1.000000 1.000000 1.000000
posebone: forearm.r
lm: 0.258819 0.938967 -0.226612 0.000000
lm: -0.965926 0.251595 -0.060720 0.000000
lm: 0.000000 0.234606 0.972091 0.000000
lm: 0.476094 4.420625 -2.901256 1.000000
scale: 1.000000 1.000000 1.000000
posebone: root
lm: 1.000000 -0.000000 -0.000000 0.000000
lm: -0.000000 1.000000 0.000000 0.000000
lm: 0.000000 -0.000000 1.000000 0.000000
lm: 0.000000 0.000000 -0.000000 1.000000
scale: 1.000000 1.000000 1.000000
posebone: shin.r
lm: 0.999976 -0.001822 0.006771 0.000000
lm: 0.001143 0.995089 0.098981 0.000000
lm: -0.006919 -0.098971 0.995066 0.000000
lm: 0.038168 0.226272 1.155587 1.000000
scale: 1.000000 1.000000 1.000000
posebone: thigh.r
lm: 1.000000 0.000000 0.000000 0.000000
lm: 0.000000 0.999903 0.013944 0.000000
lm: 0.000000 -0.013944 0.999903 0.000000
lm: 0.000000 -0.009429 0.086862 1.000000
scale: 1.000000 1.000000 1.000000
frame: 2
posebone: thumb.l
lm: 0.624297 -0.762752 0.168708 0.000000
lm: 0.026702 0.236673 0.971223 0.000000
lm: -0.780730 -0.601826 0.168121 0.000000
lm: -1.996854 3.136743 -4.048651 1.000000
scale: 1.000000 1.000000 1.000000
posebone: hand.l
lm: 0.235855 -0.945631 0.223953 0.000000
lm: 0.971422 0.223087 -0.081071 0.000000
lm: 0.026702 0.236673 0.971222 0.000000
lm: -0.500664 4.527444 -2.887041 1.000000
scale: 1.000000 1.000000 1.000000
posebone: toe.r
lm: 0.999416 -0.025637 -0.022584 0.000000
lm: 0.025408 0.999623 -0.010383 0.000000
lm: 0.022841 0.009803 0.999691 0.000000
lm: 0.490717 0.509357 -0.933726 1.000000
scale: 1.000000 1.000000 1.000000
posebone: pelvis
lm: 1.000000 0.000000 0.000000 0.000000
lm: -0.000000 1.000000 0.000000 0.000000
lm: -0.000000 0.000000 1.000000 0.000000
lm: 0.000000 -0.024492 -0.000000 1.000000
scale: 1.000000 1.000000 1.000000
posebone: hand.r
lm: 0.235854 0.945631 -0.223952 0.000000
lm: -0.971422 0.223087 -0.081070 0.000000
lm: -0.026701 0.236673 0.971222 0.000000
lm: 0.500659 4.527443 -2.887043 1.000000
scale: 1.000000 1.000000 1.000000
posebone: thumb.r
lm: 0.624296 0.762752 -0.168709 0.000000
lm: -0.026701 0.236673 0.971223 0.000000
lm: 0.780731 -0.601826 0.168120 0.000000
lm: 1.996845 3.136751 -4.048656 1.000000
scale: 1.000000 1.000000 1.000000
posebone: toe.l.001
lm: 0.999416 0.025636 0.022584 0.000000
lm: -0.025407 0.999623 -0.010382 0.000000
lm: -0.022841 0.009802 0.999691 0.000000
lm: -0.490703 0.509358 -0.933714 1.000000
scale: 1.000000 1.000000 1.000000
posebone: shoulder.l
lm: 0.999877 0.014611 0.005610 0.000000
lm: -0.015350 0.985434 0.169364 0.000000
lm: -0.003054 -0.169429 0.985538 0.000000
lm: 0.028498 -0.082774 0.299005 1.000000
scale: 1.000000 1.000000 1.000000
posebone: fingertip.l
lm: 0.196783 0.951314 -0.237230 0.000000
lm: -0.980083 0.197455 -0.021171 0.000000
lm: 0.026702 0.236671 0.971223 0.000000
lm: 3.523052 -21.210436 3.274266 1.000000
scale: 1.000000 1.000000 1.000000
posebone: thumbtip.l
lm: 0.624297 -0.762752 0.168708 0.000000
lm: -0.696298 -0.445418 0.562826 0.000000
lm: -0.354151 -0.468842 -0.809175 0.000000
lm: -0.966530 4.549263 -1.475126 1.000000
scale: 1.000000 1.000000 1.000000
posebone: fingertip.l.001
lm: 0.196783 0.951313 -0.237231 0.000000
lm: -0.980084 0.197455 -0.021171 0.000000
lm: 0.026702 0.236672 0.971223 0.000000
lm: 3.511487 -21.221121 3.277203 1.000000
scale: 1.000000 1.000000 1.000000
posebone: thumbtip.r
lm: 0.624296 0.762752 -0.168708 0.000000
lm: 0.696298 -0.445417 0.562825 0.000000
lm: 0.354151 -0.468841 -0.809176 0.000000
lm: 0.966527 4.549268 -1.475109 1.000000
scale: 1.000000 1.000000 1.000000
posebone: chest
lm: 1.000000 0.000000 -0.000000 0.000000
lm: -0.000000 0.985854 0.167607 0.000000
lm: 0.000000 -0.167607 0.985854 0.000000
lm: -0.000000 -0.083396 0.302326 1.000000
scale: 1.000000 1.000000 1.000000
posebone: abs
lm: 1.000000 -0.000000 -0.000000 0.000000
lm: -0.000000 1.000000 0.000000 0.000000
lm: -0.000000 -0.000000 1.000000 0.000000
lm: 0.000000 -0.024492 -0.000000 1.000000
scale: 1.000000 1.000000 1.000000
posebone: fingertip.r
lm: 0.196784 -0.951313 0.237231 0.000000
lm: 0.980083 0.197456 -0.021172 0.000000
lm: -0.026702 0.236673 0.971222 0.000000
lm: -3.523046 -21.210443 3.274283 1.000000
scale: 1.000000 1.000000 1.000000
posebone: shoulder.r
lm: 0.999878 -0.014611 -0.005610 0.000000
lm: 0.015350 0.985434 0.169364 0.000000
lm: 0.003054 -0.169429 0.985538 0.000000
lm: -0.028498 -0.082774 0.299005 1.000000
scale: 1.000000 1.000000 1.000000
posebone: finger.l
lm: -0.971421 -0.223087 0.081071 0.000000
lm: 0.235855 -0.945631 0.223952 0.000000
lm: 0.026703 0.236672 0.971223 0.000000
lm: 16.974743 -1.974821 -1.782993 1.000000
scale: 1.000000 1.000000 1.000000
posebone: head
lm: 1.000000 -0.000000 -0.000000 0.000000
lm: 0.000000 0.998363 0.057191 0.000000
lm: 0.000000 -0.057191 0.998363 0.000000
lm: -0.000000 -0.104207 0.191280 1.000000
scale: 1.000000 1.000000 1.000000
posebone: foot.l
lm: 0.999416 0.025636 0.022584 0.000000
lm: -0.025407 0.999623 -0.010382 0.000000
lm: -0.022841 0.009802 0.999691 0.000000
lm: -0.490703 0.509356 -0.933714 1.000000
scale: 1.000000 1.000000 1.000000
posebone: srm.r
lm: 0.224269 0.825638 0.517711 0.000000
lm: -0.974526 0.190935 0.117658 0.000000
lm: -0.001706 -0.530910 0.847426 0.000000
lm: 0.418811 4.073740 1.786137 1.000000
scale: 1.000000 1.000000 1.000000
posebone: finger.l.001
lm: -0.971421 -0.223087 0.081071 0.000000
lm: 0.235855 -0.945631 0.223952 0.000000
lm: 0.026702 0.236673 0.971222 0.000000
lm: 16.974743 -1.974821 -1.782990 1.000000
scale: 1.000000 1.000000 1.000000
posebone: finger.r.001
lm: -0.971421 0.223087 -0.081071 0.000000
lm: -0.235854 -0.945631 0.223952 0.000000
lm: -0.026702 0.236672 0.971223 0.000000
lm: -16.974749 -1.974831 -1.782984 1.000000
scale: 1.000000 1.000000 1.000000
posebone: fingertip.r.001
lm: 0.196784 -0.951314 0.237231 0.000000
lm: 0.980083 0.197456 -0.021171 0.000000
lm: -0.026702 0.236672 0.971223 0.000000
lm: -3.511479 -21.221132 3.277194 1.000000
scale: 1.000000 1.000000 1.000000
posebone: srm.l
lm: 0.224269 -0.825638 -0.517711 0.000000
lm: 0.974526 0.190935 0.117658 0.000000
lm: 0.001707 -0.530910 0.847426 0.000000
lm: -0.418812 4.073737 1.786138 1.000000
scale: 1.000000 1.000000 1.000000
posebone: foot.r
lm: 0.999416 -0.025637 -0.022584 0.000000
lm: 0.025408 0.999623 -0.010383 0.000000
lm: 0.022841 0.009803 0.999691 0.000000
lm: 0.490717 0.509357 -0.933726 1.000000
scale: 1.000000 1.000000 1.000000
posebone: finger.r
lm: -0.971421 0.223087 -0.081071 0.000000
lm: -0.235854 -0.945632 0.223952 0.000000
lm: -0.026702 0.236673 0.971222 0.000000
lm: -16.974745 -1.974832 -1.782987 1.000000
scale: 1.000000 1.000000 1.000000
posebone: shin.l
lm: 0.999966 0.002251 -0.007926 0.000000
lm: -0.001184 0.991235 0.132104 0.000000
lm: 0.008154 -0.132090 0.991204 0.000000
lm: -0.042981 0.293149 1.610944 1.000000
scale: 1.000000 1.000000 1.000000
posebone: thigh.l
lm: 1.000000 0.000341 0.000505 0.000000
lm: -0.000345 0.999966 0.008245 0.000000
lm: -0.000502 -0.008245 0.999966 0.000000
lm: -0.002470 -0.030374 0.050704 1.000000
scale: 1.000000 1.000000 1.000000
posebone: neck
lm: 1.000000 -0.000000 0.000000 0.000000
lm: 0.000000 0.994656 -0.103241 0.000000
lm: -0.000000 0.103241 0.994656 0.000000
lm: -0.000000 -0.075335 0.810857 1.000000
scale: 1.000000 1.000000 1.000000
posebone: toe.r.001
lm: 0.999416 -0.025637 -0.022584 0.000000
lm: 0.025408 0.999623 -0.010383 0.000000
lm: 0.022841 0.009803 0.999691 0.000000
lm: 0.490716 0.509355 -0.933726 1.000000
scale: 1.000000 1.000000 1.000000
posebone: toe.l
lm: 0.999416 0.025636 0.022584 0.000000
lm: -0.025407 0.999623 -0.010382 0.000000
lm: -0.022841 0.009802 0.999691 0.000000
lm: -0.490703 0.509359 -0.933714 1.000000
scale: 1.000000 1.000000 1.000000
posebone: forearm.l
lm: 0.235855 -0.945631 0.223953 0.000000
lm: 0.971422 0.223087 -0.081071 0.000000
lm: 0.026702 0.236673 0.971222 0.000000
lm: -0.500664 4.527444 -2.887041 1.000000
scale: 1.000000 1.000000 1.000000
posebone: forearm.r
lm: 0.235854 0.945631 -0.223952 0.000000
lm: -0.971422 0.223087 -0.081070 0.000000
lm: -0.026701 0.236673 0.971222 0.000000
lm: 0.500658 4.527442 -2.887042 1.000000
scale: 1.000000 1.000000 1.000000
posebone: root
lm: 1.000000 -0.000000 -0.000000 0.000000
lm: -0.000000 1.000000 0.000000 0.000000
lm: 0.000000 -0.000000 1.000000 0.000000
lm: 0.000000 -0.024491 -0.000000 1.000000
scale: 1.000000 1.000000 1.000000
posebone: shin.r
lm: 0.999966 -0.002251 0.007926 0.000000
lm: 0.001185 0.991235 0.132104 0.000000
lm: -0.008154 -0.132090 0.991204 0.000000
lm: 0.042988 0.293151 1.610945 1.000000
scale: 1.000000 1.000000 1.000000
posebone: thigh.r
lm: 1.000000 -0.000341 -0.000505 0.000000
lm: 0.000345 0.999966 0.008245 0.000000
lm: 0.000502 -0.008246 0.999966 0.000000
lm: 0.002471 -0.030375 0.050704 1.000000
scale: 1.000000 1.000000 1.000000
frame: 3
posebone: thumb.l
lm: 0.634458 -0.749746 0.187998 0.000000
lm: 0.024304 0.262449 0.964640 0.000000
lm: -0.772575 -0.607454 0.184735 0.000000
lm: -2.039505 3.015854 -4.179353 1.000000
scale: 1.000000 1.000000 1.000000
posebone: hand.l
lm: 0.248510 -0.936222 0.248456 0.000000
lm: 0.968325 0.233684 -0.087976 0.000000
lm: 0.024305 0.262449 0.964640 0.000000
lm: -0.560961 4.456235 -3.056329 1.000000
scale: 1.000000 1.000000 1.000000
posebone: toe.r
lm: 0.999412 -0.025862 -0.022528 0.000000
lm: 0.025818 0.999664 -0.002224 0.000000
lm: 0.022578 0.001641 0.999744 0.000000
lm: 0.497228 0.541622 -0.738624 1.000000
scale: 1.000000 1.000000 1.000000
posebone: pelvis
lm: 1.000000 0.000000 0.000000 0.000000
lm: -0.000000 1.000000 0.000000 0.000000
lm: -0.000000 0.000000 1.000000 0.000000
lm: 0.000000 -0.088538 -0.000001 1.000000
scale: 1.000000 1.000000 1.000000
posebone: hand.r
lm: 0.248509 0.936222 -0.248456 0.000000
lm: -0.968325 0.233683 -0.087975 0.000000
lm: -0.024304 0.262449 0.964640 0.000000
lm: 0.560955 4.456235 -3.056331 1.000000
scale: 1.000000 1.000000 1.000000
posebone: thumb.r
lm: 0.634457 0.749747 -0.187998 0.000000
lm: -0.024304 0.262449 0.964640 0.000000
lm: 0.772576 -0.607454 0.184734 0.000000
lm: 2.039496 3.015863 -4.179358 1.000000
scale: 1.000000 1.000000 1.000000
posebone: toe.l.001
lm: 0.999412 0.025861 0.022528 0.000000
lm: -0.025817 0.999664 -0.002223 0.000000
lm: -0.022578 0.001640 0.999744 0.000000
lm: -0.497214 0.541626 -0.738612 1.000000
scale: 1.000000 1.000000 1.000000
posebone: shoulder.l
lm: 0.998398 0.053479 0.018473 0.000000
lm: -0.055518 0.988924 0.137645 0.000000
lm: -0.010907 -0.138450 0.990309 0.000000
lm: 0.103085 -0.126571 0.226485 1.000000
scale: 1.000000 1.000000 1.000000
posebone: fingertip.l
lm: 0.184005 0.947265 -0.262356 0.000000
lm: -0.982625 0.183875 -0.025268 0.000000
lm: 0.024305 0.262447 0.964640 0.000000
lm: 3.807471 -21.055462 3.774537 1.000000
scale: 1.000000 1.000000 1.000000
posebone: thumbtip.l
lm: 0.634458 -0.749746 0.187998 0.000000
lm: -0.689919 -0.439625 0.575102 0.000000
lm: -0.348532 -0.494581 -0.796188 0.000000
lm: -1.026005 4.509003 -1.644961 1.000000
scale: 1.000000 1.000000 1.000000
posebone: fingertip.l.001
lm: 0.184005 0.947265 -0.262357 0.000000
lm: -0.982625 0.183875 -0.025269 0.000000
lm: 0.024304 0.262448 0.964640 0.000000
lm: 3.796052 -21.066217 3.777767 1.000000
scale: 1.000000 1.000000 1.000000
posebone: thumbtip.r
lm: 0.634457 0.749747 -0.187998 0.000000
lm: 0.689920 -0.439624 0.575101 0.000000
lm: 0.348531 -0.494580 -0.796188 0.000000
lm: 1.026002 4.509011 -1.644944 1.000000
scale: 1.000000 1.000000 1.000000
posebone: chest
lm: 1.000000 0.000000 -0.000000 0.000000
lm: -0.000000 0.991301 0.131615 0.000000
lm: 0.000000 -0.131615 0.991301 0.000000
lm: -0.000000 -0.130407 0.237880 1.000000
scale: 1.000000 1.000000 1.000000
posebone: abs
lm: 1.000000 -0.000000 -0.000000 0.000000
lm: -0.000000 1.000000 0.000000 0.000000
lm: -0.000000 -0.000000 1.000000 0.000000
lm: 0.000000 -0.088538 -0.000001 1.000000
scale: 1.000000 1.000000 1.000000
posebone: fingertip.r
lm: 0.184005 -0.947265 0.262357 0.000000
lm: 0.982625 0.183875 -0.025269 0.000000
lm: -0.024305 0.262449 0.964640 0.000000
lm: -3.807459 -21.055464 3.774554 1.000000
scale: 1.000000 1.000000 1.000000
posebone: shoulder.r
lm: 0.998398 -0.053479 -0.018473 0.000000
lm: 0.055518 0.988924 0.137645 0.000000
lm: 0.010907 -0.138450 0.990309 0.000000
lm: -0.103085 -0.126572 0.226485 1.000000
scale: 1.000000 1.000000 1.000000
posebone: finger.l
lm: -0.968324 -0.233684 0.087977 0.000000
lm: 0.248510 -0.936222 0.248455 0.000000
lm: 0.024306 0.262448 0.964640 0.000000
lm: 16.999744 -1.783502 -1.801144 1.000000
scale: 1.000000 1.000000 1.000000
posebone: head
lm: 1.000000 -0.000000 -0.000000 0.000000
lm: 0.000000 0.999999 0.001453 0.000000
lm: 0.000000 -0.001453 0.999999 0.000000
lm: -0.000000 -0.161748 0.154080 1.000000
scale: 1.000000 1.000000 1.000000
posebone: foot.l
lm: 0.999412 0.025861 0.022528 0.000000
lm: -0.025817 0.999664 -0.002223 0.000000
lm: -0.022578 0.001640 0.999744 0.000000
lm: -0.497214 0.541622 -0.738611 1.000000
scale: 1.000000 1.000000 1.000000
posebone: srm.r
lm: 0.234778 0.835927 0.496091 0.000000
lm: -0.972004 0.206810 0.111526 0.000000
lm: -0.009369 -0.508386 0.861079 0.000000
lm: 0.469577 4.126631 1.627061 1.000000
scale: 1.000000 1.000000 1.000000
posebone: finger.l.001
lm: -0.968324 -0.233684 0.087976 0.000000
lm: 0.248510 -0.936222 0.248456 0.000000
lm: 0.024305 0.262449 0.964640 0.000000
lm: 16.999746 -1.783502 -1.801141 1.000000
scale: 1.000000 1.000000 1.000000
posebone: finger.r.001
lm: -0.968324 0.233683 -0.087976 0.000000
lm: -0.248510 -0.936223 0.248455 0.000000
lm: -0.024305 0.262448 0.964640 0.000000
lm: -16.999752 -1.783513 -1.801135 1.000000
scale: 1.000000 1.000000 1.000000
posebone: fingertip.r.001
lm: 0.184005 -0.947265 0.262357 0.000000
lm: 0.982625 0.183875 -0.025269 0.000000
lm: -0.024304 0.262448 0.964640 0.000000
lm: -3.796037 -21.066225 3.777759 1.000000
scale: 1.000000 1.000000 1.000000
posebone: srm.l
lm: 0.234777 -0.835927 -0.496090 0.000000
lm: 0.972004 0.206810 0.111525 0.000000
lm: 0.009370 -0.508385 0.861079 0.000000
lm: -0.469578 4.126627 1.627062 1.000000
scale: 1.000000 1.000000 1.000000
posebone: foot.r
lm: 0.999412 -0.025861 -0.022528 0.000000
lm: 0.025818 0.999664 -0.002224 0.000000
lm: 0.022578 0.001641 0.999744 0.000000
lm: 0.497228 0.541623 -0.738624 1.000000
scale: 1.000000 1.000000 1.000000
posebone: finger.r
lm: -0.968324 0.233683 -0.087976 0.000000
lm: -0.248510 -0.936223 0.248456 0.000000
lm: -0.024305 0.262449 0.964640 0.000000
lm: -16.999750 -1.783513 -1.801138 1.000000
scale: 1.000000 1.000000 1.000000
posebone: shin.l
lm: 0.999963 0.002726 -0.008172 0.000000
lm: -0.001553 0.990124 0.140183 0.000000
lm: 0.008473 -0.140165 0.990092 0.000000
lm: -0.048722 0.304855 1.804080 1.000000
scale: 1.000000 1.000000 1.000000
posebone: thigh.l
lm: 0.999999 0.000857 0.001256 0.000000
lm: -0.000849 0.999977 -0.006696 0.000000
lm: -0.001261 0.006695 0.999977 0.000000
lm: -0.006089 -0.085585 -0.043430 1.000000
scale: 1.000000 1.000000 1.000000
posebone: neck
lm: 1.000000 -0.000000 0.000000 0.000000
lm: 0.000000 0.986508 -0.163715 0.000000
lm: -0.000000 0.163715 0.986508 0.000000
lm: -0.000000 -0.094638 0.791072 1.000000
scale: 1.000000 1.000000 1.000000
posebone: toe.r.001
lm: 0.999412 -0.025862 -0.022528 0.000000
lm: 0.025818 0.999664 -0.002224 0.000000
lm: 0.022578 0.001641 0.999744 0.000000
lm: 0.497228 0.541620 -0.738624 1.000000
scale: 1.000000 1.000000 1.000000
posebone: toe.l
lm: 0.999412 0.025861 0.022528 0.000000
lm: -0.025817 0.999664 -0.002223 0.000000
lm: -0.022578 0.001640 0.999744 0.000000
lm: -0.497214 0.541624 -0.738611 1.000000
scale: 1.000000 1.000000 1.000000
posebone: forearm.l
lm: 0.248510 -0.936222 0.248456 0.000000
lm: 0.968325 0.233684 -0.087976 0.000000
lm: 0.024305 0.262449 0.964640 0.000000
lm: -0.560961 4.456236 -3.056329 1.000000
scale: 1.000000 1.000000 1.000000
posebone: forearm.r
lm: 0.248509 0.936222 -0.248456 0.000000
lm: -0.968325 0.233683 -0.087975 0.000000
lm: -0.024304 0.262449 0.964640 0.000000
lm: 0.560954 4.456234 -3.056331 1.000000
scale: 1.000000 1.000000 1.000000
posebone: root
lm: 1.000000 -0.000000 -0.000000 0.000000
lm: -0.000000 1.000000 0.000000 0.000000
lm: 0.000000 -0.000000 1.000000 0.000000
lm: 0.000000 -0.088538 -0.000001 1.000000
scale: 1.000000 1.000000 1.000000
posebone: shin.r
lm: 0.999963 -0.002726 0.008172 0.000000
lm: 0.001554 0.990124 0.140183 0.000000
lm: -0.008473 -0.140165 0.990092 0.000000
lm: 0.048730 0.304856 1.804080 1.000000
scale: 1.000000 1.000000 1.000000
posebone: thigh.r
lm: 0.999999 -0.000857 -0.001256 0.000000
lm: 0.000849 0.999977 -0.006696 0.000000
lm: 0.001262 0.006695 0.999977 0.000000
lm: 0.006089 -0.085586 -0.043430 1.000000
scale: 1.000000 1.000000 1.000000
frame: 4
posebone: thumb.l
lm: 0.655260 -0.724170 0.214967 0.000000
lm: 0.008692 0.291783 0.956445 0.000000
lm: -0.755353 -0.624852 0.197488 0.000000
lm: -2.049134 2.793588 -4.352058 1.000000
scale: 1.000000 1.000000 1.000000
posebone: hand.l
lm: 0.274641 -0.920395 0.278289 0.000000
lm: 0.961508 0.260260 -0.088136 0.000000
lm: 0.008693 0.291782 0.956445 0.000000
lm: -0.623692 4.311146 -3.262516 1.000000
scale: 1.000000 1.000000 1.000000
posebone: toe.r
lm: 0.999395 -0.026410 -0.022644 0.000000
lm: 0.026208 0.999615 -0.009166 0.000000
lm: 0.022878 0.008567 0.999702 0.000000
lm: 0.501161 0.509939 -0.739172 1.000000
scale: 1.000000 1.000000 1.000000
posebone: pelvis
lm: 1.000000 0.000000 0.000000 0.000000
lm: -0.000000 1.000000 0.000000 0.000000
lm: -0.000000 0.000000 1.000000 0.000000
lm: 0.000000 -0.152574 -0.000000 1.000000
scale: 1.000000 1.000000 1.000000
posebone: hand.r
lm: 0.274641 0.920395 -0.278288 0.000000
lm: -0.961508 0.260260 -0.088135 0.000000
lm: -0.008692 0.291782 0.956445 0.000000
lm: 0.623687 4.311147 -3.262518 1.000000
scale: 1.000000 1.000000 1.000000
posebone: thumb.r
lm: 0.655260 0.724171 -0.214968 0.000000
lm: -0.008692 0.291782 0.956446 0.000000
lm: 0.755354 -0.624851 0.197487 0.000000
lm: 2.049125 2.793597 -4.352063 1.000000
scale: 1.000000 1.000000 1.000000
posebone: toe.l.001
lm: 0.999395 0.026408 0.022644 0.000000
lm: -0.026207 0.999615 -0.009165 0.000000
lm: -0.022878 0.008566 0.999702 0.000000
lm: -0.501146 0.509944 -0.739158 1.000000
scale: 1.000000 1.000000 1.000000
posebone: shoulder.l
lm: 0.995244 0.093102 0.028657 0.000000
lm: -0.095630 0.989818 0.105423 0.000000
lm: -0.018550 -0.107662 0.994014 0.000000
lm: 0.177585 -0.170354 0.154100 1.000000
scale: 1.000000 1.000000 1.000000
posebone: fingertip.l
lm: 0.157440 0.944152 -0.289461 0.000000
lm: -0.987490 0.153099 -0.037731 0.000000
lm: 0.008693 0.291781 0.956446 0.000000
lm: 4.457497 -20.840473 4.364277 1.000000
scale: 1.000000 1.000000 1.000000
posebone: thumbtip.l
lm: 0.655260 -0.724170 0.214968 0.000000
lm: -0.680909 -0.442995 0.583197 0.000000
lm: -0.327104 -0.528519 -0.783372 0.000000
lm: -1.101347 4.391925 -1.856696 1.000000
scale: 1.000000 1.000000 1.000000
posebone: fingertip.l.001
lm: 0.157440 0.944152 -0.289462 0.000000
lm: -0.987491 0.153099 -0.037731 0.000000
lm: 0.008692 0.291782 0.956445 0.000000
lm: 4.446381 -20.851469 4.367749 1.000000
scale: 1.000000 1.000000 1.000000
posebone: thumbtip.r
lm: 0.655259 0.724171 -0.214968 0.000000
lm: 0.680910 -0.442995 0.583196 0.000000
lm: 0.327104 -0.528518 -0.783372 0.000000
lm: 1.101344 4.391932 -1.856679 1.000000
scale: 1.000000 1.000000 1.000000
posebone: chest
lm: 1.000000 0.000000 -0.000000 0.000000
lm: -0.000000 0.995432 0.095467 0.000000
lm: 0.000000 -0.095467 0.995432 0.000000
lm: -0.000000 -0.179772 0.172892 1.000000
scale: 1.000000 1.000000 1.000000
posebone: abs
lm: 1.000000 -0.000000 -0.000000 0.000000
lm: -0.000000 1.000000 0.000000 0.000000
lm: -0.000000 -0.000000 1.000000 0.000000
lm: 0.000000 -0.152574 -0.000000 1.000000
scale: 1.000000 1.000000 1.000000
posebone: fingertip.r
lm: 0.157441 -0.944152 0.289463 0.000000
lm: 0.987490 0.153100 -0.037732 0.000000
lm: -0.008693 0.291782 0.956445 0.000000
lm: -4.457493 -20.840477 4.364292 1.000000
scale: 1.000000 1.000000 1.000000
posebone: shoulder.r
lm: 0.995244 -0.093102 -0.028657 0.000000
lm: 0.095630 0.989819 0.105423 0.000000
lm: 0.018550 -0.107662 0.994014 0.000000
lm: -0.177585 -0.170354 0.154100 1.000000
scale: 1.000000 1.000000 1.000000
posebone: finger.l
lm: -0.961507 -0.260260 0.088137 0.000000
lm: 0.274642 -0.920395 0.278288 0.000000
lm: 0.008694 0.291782 0.956445 0.000000
lm: 17.106630 -1.351896 -1.696040 1.000000
scale: 1.000000 1.000000 1.000000
posebone: head
lm: 1.000000 -0.000000 -0.000000 0.000000
lm: 0.000000 0.999134 -0.041598 0.000000
lm: 0.000000 0.041598 0.999134 0.000000
lm: -0.000000 -0.215989 0.099505 1.000000
scale: 1.000000 1.000000 1.000000
posebone: foot.l
lm: 0.999395 0.026408 0.022644 0.000000
lm: -0.026207 0.999614 -0.009165 0.000000
lm: -0.022878 0.008566 0.999702 0.000000
lm: -0.501145 0.509941 -0.739157 1.000000
scale: 1.000000 1.000000 1.000000
posebone: srm.r
lm: 0.263824 0.842863 0.469019 0.000000
lm: -0.964406 0.239486 0.112105 0.000000
lm: -0.017834 -0.481901 0.876044 0.000000
lm: 0.559730 4.124605 1.429205 1.000000
scale: 1.000000 1.000000 1.000000
posebone: finger.l.001
lm: -0.961507 -0.260260 0.088137 0.000000
lm: 0.274642 -0.920395 0.278289 0.000000
lm: 0.008693 0.291782 0.956445 0.000000
lm: 17.106630 -1.351896 -1.696038 1.000000
scale: 1.000000 1.000000 1.000000
posebone: finger.r.001
lm: -0.961507 0.260260 -0.088136 0.000000
lm: -0.274641 -0.920396 0.278288 0.000000
lm: -0.008693 0.291782 0.956445 0.000000
lm: -17.106636 -1.351902 -1.696033 1.000000
scale: 1.000000 1.000000 1.000000
posebone: fingertip.r.001
lm: 0.157441 -0.944152 0.289462 0.000000
lm: 0.987490 0.153100 -0.037731 0.000000
lm: -0.008692 0.291781 0.956446 0.000000
lm: -4.446375 -20.851477 4.367737 1.000000
scale: 1.000000 1.000000 1.000000
posebone: srm.l
lm: 0.263823 -0.842863 -0.469019 0.000000
lm: 0.964406 0.239486 0.112104 0.000000
lm: 0.017835 -0.481901 0.876044 0.000000
lm: -0.559731 4.124602 1.429206 1.000000
scale: 1.000000 1.000000 1.000000
posebone: foot.r
lm: 0.999395 -0.026409 -0.022644 0.000000
lm: 0.026208 0.999614 -0.009166 0.000000
lm: 0.022878 0.008567 0.999702 0.000000
lm: 0.501161 0.509939 -0.739172 1.000000
scale: 1.000000 1.000000 1.000000
posebone: finger.r
lm: -0.961507 0.260260 -0.088136 0.000000
lm: -0.274641 -0.920396 0.278288 0.000000
lm: -0.008693 0.291782 0.956445 0.000000
lm: -17.106632 -1.351902 -1.696037 1.000000
scale: 1.000000 1.000000 1.000000
posebone: shin.l
lm: 0.999964 0.003061 -0.007894 0.000000
lm: -0.001981 0.991072 0.133311 0.000000
lm: 0.008231 -0.133290 0.991043 0.000000
lm: -0.053323 0.290993 1.805247 1.000000
scale: 1.000000 1.000000 1.000000
posebone: thigh.l
lm: 0.999997 0.001309 0.001892 0.000000
lm: -0.001268 0.999765 -0.021643 0.000000
lm: -0.001919 0.021641 0.999764 0.000000
lm: -0.009116 -0.142090 -0.137582 1.000000
scale: 1.000000 1.000000 1.000000
posebone: neck
lm: 1.000000 -0.000000 0.000000 0.000000
lm: 0.000000 0.978169 -0.207810 0.000000
lm: -0.000000 0.207810 0.978169 0.000000
lm: -0.000000 -0.119907 0.739849 1.000000
scale: 1.000000 1.000000 1.000000
posebone: toe.r.001
lm: 0.999395 -0.026410 -0.022644 0.000000
lm: 0.026208 0.999614 -0.009166 0.000000
lm: 0.022878 0.008567 0.999702 0.000000
lm: 0.501161 0.509938 -0.739172 1.000000
scale: 1.000000 1.000000 1.000000
posebone: toe.l
lm: 0.999395 0.026408 0.022644 0.000000
lm: -0.026207 0.999615 -0.009165 0.000000
lm: -0.022878 0.008566 0.999702 0.000000
lm: -0.501145 0.509945 -0.739157 1.000000
scale: 1.000000 1.000000 1.000000
posebone: forearm.l
lm: 0.274642 -0.920395 0.278289 0.000000
lm: 0.961508 0.260260 -0.088136 0.000000
lm: 0.008693 0.291782 0.956445 0.000000
lm: -0.623692 4.311147 -3.262516 1.000000
scale: 1.000000 1.000000 1.000000
posebone: forearm.r
lm: 0.274641 0.920395 -0.278288 0.000000
lm: -0.961508 0.260260 -0.088135 0.000000
lm: -0.008692 0.291782 0.956445 0.000000
lm: 0.623686 4.311145 -3.262517 1.000000
scale: 1.000000 1.000000 1.000000
posebone: root
lm: 1.000000 -0.000000 -0.000000 0.000000
lm: -0.000000 1.000000 0.000000 0.000000
lm: 0.000000 -0.000000 1.000000 0.000000
lm: 0.000000 -0.152574 -0.000000 1.000000
scale: 1.000000 1.000000 1.000000
posebone: shin.r
lm: 0.999964 -0.003062 0.007894 0.000000
lm: 0.001982 0.991072 0.133311 0.000000
lm: -0.008232 -0.133291 0.991043 0.000000
lm: 0.053332 0.290994 1.805247 1.000000
scale: 1.000000 1.000000 1.000000
posebone: thigh.r
lm: 0.999997 -0.001310 -0.001892 0.000000
lm: 0.001268 0.999765 -0.021643 0.000000
lm: 0.001920 0.021640 0.999764 0.000000
lm: 0.009117 -0.142091 -0.137581 1.000000
scale: 1.000000 1.000000 1.000000
frame: 5
posebone: thumb.l
lm: 0.664487 -0.712279 0.226087 0.000000
lm: 0.000888 0.303291 0.952898 0.000000
lm: -0.747300 -0.632987 0.202165 0.000000
lm: -2.047392 2.693551 -4.422151 1.000000
scale: 1.000000 1.000000 1.000000
posebone: hand.l
lm: 0.286407 -0.913056 0.290343 0.000000
lm: 0.958108 0.272658 -0.087676 0.000000
lm: 0.000888 0.303291 0.952897 0.000000
lm: -0.647570 4.243887 -3.345615 1.000000
scale: 1.000000 1.000000 1.000000
posebone: toe.r
lm: 0.999386 -0.026665 -0.022712 0.000000
